BruteForce SameGame Solver (BF-SGS)
by Wolfgang Teuber

Use 'make' to create the binaries for BF-SGS in your environment.

Debugging with DMALLOC:
  in Makefile:
    - dmalloc = true
$./>make
$./bin>dmalloc high -i 100 -l dmalloc.log
$./> ./sg_bt_solver 3 [[3,2,1,2,1,2,2,1,2,2,1,2,3,2,2],[2,3,1,3,1,1,2,3,3,3,2,3,3,3,2],[2,2,3,1,2,3,2,2,1,3,2,3,2,2,2],[2,3,3,2,2,3,3,2,2,2,2,3,2,1,2],[2,1,1,2,1,2,3,1,3,1,3,1,1,1,2],[3,3,2,2,1,1,2,3,1,2,1,1,2,2,2],[1,2,3,1,1,2,3,1,3,1,3,2,2,1,3],[3,2,1,1,2,1,2,3,3,3,3,1,1,2,2],[1,1,1,2,3,1,3,1,1,2,3,3,3,2,3],[2,3,2,1,3,2,1,2,1,2,2,2,3,3,3],[3,1,1,1,2,2,3,2,3,1,2,2,1,1,1],[2,3,3,3,2,2,1,3,3,1,2,1,1,2,3],[2,2,2,2,3,3,1,2,2,1,3,2,2,2,1],[2,3,2,1,3,3,1,3,1,3,2,3,2,3,2],[3,3,1,3,2,2,3,2,3,3,1,3,1,2,3]]
	Area:
	 3
	
	Game Field:
	 2 2 2 2 2 2 3 2 3 3 1 3 1 2 3
	 2 3 2 1 1 2 1 2 2 3 1 2 2 3 2
	 3 3 2 2 1 2 2 1 3 3 1 1 2 2 1
	 2 3 3 3 1 1 2 1 3 2 2 1 2 3 3
	 1 2 2 2 3 1 3 3 3 2 2 2 3 2 1
	 2 3 3 2 1 2 1 3 2 2 1 1 1 3 3
	 2 3 1 2 3 1 3 3 1 1 3 3 2 1 3
	 1 3 2 2 1 3 1 3 1 2 2 3 2 3 2
	 2 2 2 3 3 2 3 2 3 1 3 1 1 1 3
	 2 1 3 3 2 1 2 1 1 2 2 2 3 3 2
	 1 1 2 2 1 1 1 2 3 3 2 2 3 3 2
	 2 3 1 2 2 2 1 1 2 1 1 3 2 1 3
	 1 1 3 3 1 2 3 1 1 2 1 3 2 2 1
	 2 3 2 3 1 3 2 2 1 3 1 3 2 3 3
	 3 2 2 2 2 3 1 3 1 2 3 2 2 2 3
	
	SOLUTION:
	[27,26,25,23,25,25,23,22,21,21,21,18,17,18,16,16,16,15,15,14,12,13,13,12,12,11,10,11,10,10,9,8,7,8,7,5,3,3,2,3,1,1,1,1,1]


The solution is a list of indexes of hits